1.665067911148071289e+00
5.110403299331665039e-01
-7.401844114065170288e-02
-1.102778792381286621e+00
1.630848050117492676e+00
1.638028979301452637e+00
-1.235644102096557617e+00
1.610480189323425293e+00
1.654614686965942383e+00
1.690471291542053223e+00
7.491794824600219727e-01
1.617072463035583496e+00
-1.197028517723083496e+00
1.629694104194641113e+00
1.639325499534606934e+00
-3.313337862491607666e-01
1.618880629539489746e+00
1.656554698944091797e+00
1.681581139564514160e+00
1.688120603561401367e+00
1.601760983467102051e+00
1.639721512794494629e+00
1.629891514778137207e+00
-1.120235562324523926e+00
1.719519019126892090e+00
-1.549625873565673828e+00
1.668265938758850098e+00
1.669823050498962402e+00
1.530896544456481934e+00
1.637618422508239746e+00
1.499838352203369141e+00
-1.531139254570007324e+00
-7.904116511344909668e-01
-1.687147855758666992e+00
1.586079239845275879e+00
1.657434821128845215e+00
1.599433898925781250e+00
5.106669068336486816e-01
1.649852156639099121e+00
1.589685440063476562e+00
1.645131707191467285e+00
1.626396179199218750e+00
1.692239165306091309e+00
1.680676579475402832e+00
1.636933445930480957e+00
1.654115676879882812e+00
3.199973404407501221e-01
1.641496419906616211e+00
1.647119164466857910e+00
1.583441972732543945e+00
1.562136769294738770e+00
-1.843193322420120239e-01
9.644280076026916504e-01
1.668803930282592773e+00
-1.302446842193603516e+00
1.610033392906188965e+00
1.614721417427062988e+00
1.636824131011962891e+00
-6.004306077957153320e-01
1.642301678657531738e+00
-1.255321353673934937e-01
-1.540363073348999023e+00
-9.916663169860839844e-02
1.641131401062011719e+00
