1.458310127258300781e+00 1.672788143157958984e+00
-2.310156822204589844e+00 -1.598900437355041504e+00
-2.017853260040283203e-01 -4.595018923282623291e-03
-2.550782442092895508e+00 -3.813470840454101562e+00
1.631463646888732910e+00 1.487668514251708984e+00
1.659594297409057617e+00 1.580850005149841309e+00
-2.871687889099121094e+00 -1.999714374542236328e+00
1.517838716506958008e+00 1.525323271751403809e+00
1.415846824645996094e+00 1.529408335685729980e+00
1.463328361511230469e+00 1.485915780067443848e+00
-2.813383102416992188e+00 -1.193102598190307617e+00
1.666962623596191406e+00 1.732143402099609375e+00
-4.918117046356201172e+00 -3.273426294326782227e+00
1.635259032249450684e+00 1.448100209236145020e+00
1.651541471481323242e+00 1.682605028152465820e+00
-3.804412603378295898e+00 -2.178014039993286133e+00
1.715693831443786621e+00 1.797219276428222656e+00
1.346810460090637207e+00 1.479144334793090820e+00
1.456771016120910645e+00 1.362266182899475098e+00
1.358917355537414551e+00 1.609092712402343750e+00
1.572111964225769043e+00 1.327898859977722168e+00
1.666787862777709961e+00 1.678225278854370117e+00
1.689799785614013672e+00 1.727763772010803223e+00
-2.760349273681640625e+00 -2.822206735610961914e+00
1.383029341697692871e+00 1.380945801734924316e+00
-5.169542312622070312e+00 -5.700603961944580078e+00
1.618457436561584473e+00 1.463504195213317871e+00
1.622399806976318359e+00 1.474268436431884766e+00
1.704754471778869629e+00 1.148145079612731934e+00
1.557388663291931152e+00 1.637569308280944824e+00
1.301976203918457031e+00 8.427451252937316895e-01
-3.937489509582519531e+00 -5.453155040740966797e+00
-2.776437282562255859e+00 -3.577995538711547852e+00
-6.097963333129882812e+00 -4.217608928680419922e+00
1.226090669631958008e+00 1.550201058387756348e+00
1.590322852134704590e+00 1.357537031173706055e+00
1.283482313156127930e+00 1.398233771324157715e+00
-1.735491991043090820e+00 -1.782281756401062012e+00
1.339230775833129883e+00 1.541282057762145996e+00
1.287182927131652832e+00 1.097469925880432129e+00
1.376294136047363281e+00 1.573989272117614746e+00
1.411208391189575195e+00 1.384042263031005859e+00
1.491405725479125977e+00 1.490907669067382812e+00
1.445031523704528809e+00 1.459521889686584473e+00
1.654182195663452148e+00 1.357512474060058594e+00
1.606427907943725586e+00 1.436615228652954102e+00
-2.532635450363159180e+00 -2.250497102737426758e+00
1.570019960403442383e+00 1.713615536689758301e+00
1.576593875885009766e+00 1.456205844879150391e+00
1.449590325355529785e+00 1.408141732215881348e+00
1.245703577995300293e+00 1.392816305160522461e+00
-2.404982328414916992e+00 -2.985026359558105469e+00
1.471976757049560547e+00 1.432771801948547363e+00
1.561711668968200684e+00 1.559825539588928223e+00
-2.027454614639282227e+00 -2.515238523483276367e+00
1.233769059181213379e+00 1.601144552230834961e+00
1.517760157585144043e+00 1.824231386184692383e+00
1.684555768966674805e+00 1.491664171218872070e+00
-2.025940656661987305e+00 -2.802092790603637695e+00
1.721761107444763184e+00 1.396620750427246094e+00
-2.659428119659423828e+00 -2.590034723281860352e+00
-2.173745393753051758e+00 -1.118739843368530273e+00
-9.138001203536987305e-01 -2.724292516708374023e+00
1.692977786064147949e+00 1.497438907623291016e+00
